20
0.00 5.00 7.07 16.55 15.52 18.00 10.00 9.00 12.50 14.14 21.21 19.00 25.00 11.18 8.60 17.30 13.00 15.00 20.50 23.32
5.00 0.00 5.00 11.70 11.05 14.32 12.00 9.21 11.00 10.00 17.50 16.03 20.00 7.81 7.00 14.14 9.00 11.66 16.12 17.72
7.07 5.00 0.00 14.00 14.32 18.38 15.00 12.21 9.00 8.60 20.00 18.02 23.00 12.21 11.18 10.82 12.21 12.81 18.97 20.00
16.55 11.70 14.00 0.00 3.00 7.62 14.14 12.81 18.02 16.03 22.00 21.10 26.00 14.14 13.34 10.00 12.81 17.03 22.63 25.00
15.52 11.05 14.32 3.00 0.00 5.00 12.21 10.00 15.13 13.15 19.39 17.49 22.67 9.22 9.85 7.81 10.00 15.00 20.25 22.67
18.00 14.32 18.38 7.62 5.00 0.00 15.00 13.04 10.63 9.00 18.38 17.00 23.00 11.66 9.00 12.21 6.32 10.05 15.81 19.00
10.00 12.00 15.00 14.14 12.21 15.00 0.00 4.00 7.07 8.00 14.00 12.81 18.00 12.81 10.77 7.62 4.47 6.71 11.66 13.00
9.00 9.21 12.21 12.81 10.00 13.04 4.00 0.00 4.47 5.00 10.00 8.60 15.00 8.06 6.40 5.00 2.83 2.24 7.81 10.05
12.50 11.00 9.00 18.02 15.13 10.63 7.07 4.47 0.00 3.16 11.00 9.00 15.00 6.71 4.12 9.00 6.32 7.81 12.53 15.00
14.14 10.00 8.60 16.03 13.15 9.00 8.00 5.00 3.16 0.00 8.60 6.32 12.00 4.47 1.41 8.00 5.00 8.06 12.81 14.14
21.21 17.50 20.00 22.00 19.39 18.38 14.00 10.00 11.00 8.60 0.00 3.00 9.00 10.00 8.06 13.00 10.05 7.81 3.61 9.00
19.00 16.03 18.02 21.10 17.49 17.00 12.81 8.60 9.00 6.32 3.00 0.00 6.71 6.71 4.12 10.00 7.07 4.47 4.12 6.32
25.00 20.00 23.00 26.00 22.67 23.00 18.00 15.00 15.00 12.00 9.00 6.71 0.00 11.66 10.00 14.00 11.66 11.18 8.00 4.00
11.18 7.81 12.21 14.14 9.22 11.66 12.81 8.06 6.71 4.47 10.00 6.71 11.66 0.00 3.16 8.00 5.83 9.00 14.00 15.00
8.60 7.00 11.18 13.34 9.85 9.00 10.77 6.40 4.12 1.41 8.06 4.12 10.00 3.16 0.00 7.00 3.61 7.07 11.18 13.42
17.30 14.14 10.82 10.00 7.81 12.21 7.62 5.00 9.00 8.00 13.00 10.00 14.00 8.00 7.00 0.00 2.24 6.40 12.81 14.14
13.00 9.00 12.21 12.81 10.00 6.32 4.47 2.83 6.32 5.00 10.05 7.07 11.66 5.83 3.61 2.24 0.00 4.12 9.00 10.05
15.00 11.66 12.81 17.03 15.00 10.05 6.71 2.24 7.81 8.06 7.81 4.47 11.18 9.00 7.07 6.40 4.12 0.00 5.00 7.07
20.50 16.12 18.97 22.63 20.25 15.81 11.66 7.81 12.53 12.81 3.61 4.12 8.00 14.00 11.18 12.81 9.00 5.00 0.00 5.00
23.32 17.72 20.00 25.00 22.67 19.00 13.00 10.05 15.00 14.14 9.00 6.32 4.00 15.00 13.42 14.14 10.05 7.07 5.00 0.00
